Matriz de Distancias Original:
0.00 0.71 2.94 3.45 1.86 4.04 3.54 3.13 3.34 4.35 
0.71 0.00 2.15 4.64 0.03 1.96 4.34 0.77 0.25 4.80 
2.94 2.15 0.00 4.09 3.22 1.82 4.73 3.56 0.98 4.10 
3.45 4.64 4.09 0.00 3.36 4.78 1.07 4.02 3.30 1.36 
1.86 0.03 3.22 3.36 0.00 1.18 3.12 3.75 3.20 2.95 
4.04 1.96 1.82 4.78 1.18 0.00 2.97 4.69 2.29 4.45 
3.54 4.34 4.73 1.07 3.12 2.97 0.00 1.67 1.54 3.36 
3.13 0.77 3.56 4.02 3.75 4.69 1.67 0.00 2.15 2.13 
3.34 0.25 0.98 3.30 3.20 2.29 1.54 2.15 0.00 4.70 
4.35 4.80 4.10 1.36 2.95 4.45 3.36 2.13 4.70 0.00 

Paso 1:
Se unen las secuencias B + E -> BE

Matriz de Distancias despues del 1 paso:
0.00 1.28 2.94 3.45 4.04 3.54 3.13 3.34 4.35 
1.28 0.00 2.68 4.00 1.57 3.73 2.26 1.73 3.87 
2.94 2.68 0.00 4.09 1.82 4.73 3.56 0.98 4.10 
3.45 4.00 4.09 0.00 4.78 1.07 4.02 3.30 1.36 
4.04 1.57 1.82 4.78 0.00 2.97 4.69 2.29 4.45 
3.54 3.73 4.73 1.07 2.97 0.00 1.67 1.54 3.36 
3.13 2.26 3.56 4.02 4.69 1.67 0.00 2.15 2.13 
3.34 1.73 0.98 3.30 2.29 1.54 2.15 0.00 4.70 
4.35 3.87 4.10 1.36 4.45 3.36 2.13 4.70 0.00 

Paso 2:
Se unen las secuencias C + I -> CI

Matriz de Distancias despues del 2 paso:
0.00 1.28 3.14 3.45 4.04 3.54 3.13 4.35 
1.28 0.00 2.20 4.00 1.57 3.73 2.26 3.87 
3.14 2.20 0.00 3.70 2.05 3.13 2.85 4.40 
3.45 4.00 3.70 0.00 4.78 1.07 4.02 1.36 
4.04 1.57 2.05 4.78 0.00 2.97 4.69 4.45 
3.54 3.73 3.13 1.07 2.97 0.00 1.67 3.36 
3.13 2.26 2.85 4.02 4.69 1.67 0.00 2.13 
4.35 3.87 4.40 1.36 4.45 3.36 2.13 0.00 

Paso 3:
Se unen las secuencias D + G -> DG

Matriz de Distancias despues del 3 paso:
0.00 1.28 3.14 3.50 4.04 3.13 4.35 
1.28 0.00 2.20 3.87 1.57 2.26 3.87 
3.14 2.20 0.00 3.42 2.05 2.85 4.40 
3.50 3.87 3.42 0.00 3.87 2.85 2.36 
4.04 1.57 2.05 3.87 0.00 4.69 4.45 
3.13 2.26 2.85 2.85 4.69 0.00 2.13 
4.35 3.87 4.40 2.36 4.45 2.13 0.00 

Paso 4:
Se unen las secuencias A + BE -> ABE

Matriz de Distancias despues del 4 paso:
0.00 2.67 3.68 2.81 2.70 4.11 
2.67 0.00 3.42 2.05 2.85 4.40 
3.68 3.42 0.00 3.87 2.85 2.36 
2.81 2.05 3.87 0.00 4.69 4.45 
2.70 2.85 2.85 4.69 0.00 2.13 
4.11 4.40 2.36 4.45 2.13 0.00 

Paso 5:
Se unen las secuencias CI + F -> CIF

Matriz de Distancias despues del 5 paso:
0.00 2.74 3.68 2.70 4.11 
2.74 0.00 3.64 3.77 4.42 
3.68 3.64 0.00 2.85 2.36 
2.70 3.77 2.85 0.00 2.13 
4.11 4.42 2.36 2.13 0.00 

Paso 6:
Se unen las secuencias H + J -> HJ

Matriz de Distancias despues del 6 paso:
0.00 2.74 3.68 3.41 
2.74 0.00 3.64 4.10 
3.68 3.64 0.00 2.61 
3.41 4.10 2.61 0.00 

Paso 7:
Se unen las secuencias DG + HJ -> DGHJ

Matriz de Distancias despues del 7 paso:
0.00 2.74 3.54 
2.74 0.00 3.87 
3.54 3.87 0.00 

Paso 8:
Se unen las secuencias ABE + CIF -> ABECIF

Matriz de Distancias despues del 8 paso:
0.00 3.71 
3.71 0.00 

Paso 9:
Se unen las secuencias ABECIF + DGHJ -> ABECIFDGHJ

Matriz de Distancias despues del 9 paso:
0.00 

